First Name,Last Name,Street Number,Street,City,Province,Postal Code,Country,Phone Number,email Address
James,Wilson,145,Beechwood Terrace,Gatineau,Prince Edward Island,T1L 2H8,Canada,928687814,James@lot.com
James,Jones,98,Bald Eagle Place,Peterborough,Nunavut,K1B 3B2,Canada,1375806977,James@problem.com
Mason,Wilson,201,Birch Cove Lane,Cape Breton,,N4N 0B9,Canada,430042556,Mason@company.com
"",Moore,175,Brackley Place,North Bay,Nova Scotia,J1S 0R4,Canada,451461777,null@child.com
Liam,Thomas,473,Aikens Avenue,Oakville,Prince Edward Island,"L4A 0T3 ",Canada,291407979,Liam@company.com
Jacob,Jackson,91,Attenborough Court,Aurora,Saskatchewan,,Canada,805491458,Jacob@word.com
Alexander,Davis,290,Beachstone Drive,Mississauga,,L9R 0A0,Canada,531769446,Alexander@work.com
Ethan,Davis,295,Bridges Street,Sarnia,Northwest Territories,"V1K 1V0 ",Canada,946296065,Ethan@case.com
Alexander,Miller,139,Bedford Highway Ramp,Delta,Newfoundland and Labrador,L0N 3J2,Canada,591365620,Alexander@word.com
"",Brown,389,Chebucto Road,Welland,Nova Scotia,V8C 0S2,Canada,567314047,null@case.com
Liam,Davis,500,Adams Avenue,New Westminster,Prince Edward Island,N8H 2H6,Canada,438223178,Liam@right.com
Ethan,Jackson,467,Borden Street,London,Prince Edward Island,L0N 3J2,Canada,813268294,Ethan@right.com
Liam,Wilson,124,Bland Street,Longueuil,Prince Edward Island,J0J 3V6,Canada,880514478,Liam@day.com
Mason,Wilson,53,Blowers Street,Sault Ste. Marie,Nunavut,"V1K 1V0 ",Canada,976637900,Mason@eye.com
James,Wilson,159,Chelmsford Place,Kitchener,New Brunswick,J9P 1C6,Canada,283393651,James@right.com
"",Jones,103,Claremont Street,North Vancouver,Alberta,G3H 0B4,Canada,1247948076,null@group.com
James,,295,Archibald Avenue,Port Coquitlam,Northwest Territories,L4A 0T0,Canada,245394948,James@fact.com
Ethan,Taylor,423,Brodick Lane,Quebec City,Nunavut,G3E 2K4,Canada,352193404,Ethan@life.com
Ethan,Jones,74,Chain Rock Drive,Oshawa,Manitoba,G3H 0B4,Canada,738078461,Ethan@job.com
James,Moore,477,Catamaran Road,Drummondville,Newfoundland and Labrador,T1L 2H8,Canada,1179582866,James@school.com
Liam,Jones,448,Chadwick Place,Sherbrooke,Newfoundland and Labrador,G3H 0B4,Canada,402913493,Liam@month.com
James,Jones,123,Charlton Avenue,Abbotsford,Newfoundland and Labrador,B2E 0X4,Canada,713910561,James@problem.com
Jacob,Jones,389,Bristol Place,Newmarket,Newfoundland and Labrador,V8C 0S2,Canada,1032290431,Jacob@day.com
William,Johnson,146,Arlington Avenue,Winnipeg,Alberta,E4S 3C4,Canada,1095015079,William@place.com
Mason,Taylor,51,Canterbury Close,Markham,Quebec,H0H 3C9,Canada,1247986537,Mason@place.com
James,Jones,124,Ardwell Avenue,Markham,Alberta,T1L 2H8,Canada,1389778861,James@word.com
Liam,,114,Carlton Street,London,Northwest Territories,"L4A 0T3 ",Canada,1234655415,Liam@null
Alexander,Thomas,49,Cabot Street,Edmonton,Manitoba,E7E 3T7,Canada,1007862576,Alexander@room.com
Jacob,Jackson,168,Castle Hill Drive,Coquitlam,Northwest Territories,K1B 3B2,Canada,1310327580,Jacob@way.com
Alexander,Thomas,54,Clayton Park Drive,Wood Buffalo,Quebec,L4A 0T0,Canada,509945055,Alexander@group.com
William,Thomas,465,Beaufort Avenue,Fredericton,New Brunswick,G6X 2L1,Canada,1039338855,William@country.com
William,Taylor,284,Circle Drive,Guelph,Newfoundland and Labrador,G6X 2L1,Canada,651136341,William@case.com
"",Anderson,61,Clearview Street,Calgary,British Columbia,"B0T 0Y5 ",Canada,946986628,null@number.com
Jacob,Johnson,488,Bonaventure Drive,Waterloo,Saskatchewan,"B0T 0Y5 ",Canada,1009241724,Jacob@home.com
Alexander,Johnson,117,Brycedale Lane,Saint-Hyacinthe,Nunavut,G3E 2K4,Canada,991175848,Alexander@people.com
Liam,Wilson,298,Carnation Crescent,Saanich,New Brunswick,H0H 3C9,Canada,959425671,Liam@thing.com
Alexander,Thomas,417,Blowers Street,Newmarket,Alberta,V8C 0S2,Canada,793967347,Alexander@case.com
Alexander,,465,Brockhurst Close,Langley,Prince Edward Island,L9R 0A0,Canada,1003663845,Alexander@question.com
