First Name,Last Name,Street Number,Street,City,Province,Postal Code,Country,Phone Number,email Address
Liam,Davis,427,Binney Street,Kelowna,Alberta,E4M 2G2,Canada,851014205,Liam@time.com
Mason,Thomas,392,Bower Road,Thunder Bay,New Brunswick,V8C 0S2,Canada,166746266,Mason@state.com
"",Moore,243,Briar Place,Blainville,Nunavut,K1B 3B2,Canada,421652259,null@life.com
William,Thomas,195,Bland Street,Belleville,Nova Scotia,G0H 2P3,Canada,538742400,William@student.com
Alexander,Johnson,123,Atlantic Street,London,Prince Edward Island,J0N 0Z3,Canada,1187420340,Alexander@woman.com
William,Jones,203,Blowers Street,Red Deer,Nova Scotia,N8A 0B3,Canada,389669603,William@day.com
James,Taylor,80,Belmont On The Arm,Brampton,Prince Edward Island,J9T 3H4,Canada,541432280,James@country.com
James,Miller,200,,Calgary,Nova Scotia,L0N 3J2,Canada,1055030021,James@system.com
James,Anderson,310,Cairnwell Close,Laval,Northwest Territories,E4M 2G2,Canada,543619245,James@child.com
Ethan,Miller,378,Centre Gate,Port Coquitlam,Nunavut,E7E 3T7,Canada,1160009994,Ethan@people.com
James,,438,Birchdale Avenue,Belleville,Nunavut,L0N 3J2,Canada,157651519,James@group.com
James,,133,"Alm-../../view.php?place=Alm-# Ramp, Halifax, ns, CANADA Ramp",Langley,Manitoba,E5V 3X5,Canada,1070960094,James@day.com
Liam,Anderson,90,Briarwood Crescent,Cape Breton,Newfoundland and Labrador,G6X 2L1,Canada,1184510439,Liam@night.com
Ethan,Johnson,194,Birch Street,Welland,Saskatchewan,"V1K 1V0 ",Canada,1368315651,Ethan@night.com
Ethan,Taylor,254,Burgee Run,Kingston,Northwest Territories,L4A 0T0,Canada,1247561601,Ethan@family.com
Liam,Thomas,339,Artillery Place,Prince George,Manitoba,E4M 2G2,Canada,922733470,Liam@business.com
Ethan,Jackson,50,Chessvale Close,Milton,British Columbia,B2E 0X4,Canada,392454928,Ethan@business.com
