First Name,Last Name,Street Number,Street,City,Province,Postal Code,Country,Phone Number,email Address
Ethan,Brown,27,Birch Cove Lane,Cape Breton,Northwest Territories,L4A 0T0,Canada,1008685795,Ethan@part.com
Ethan,Thomas,479,Carlina Court,Milton,Yukon,"L4A 0T3 ",Canada,547084567,Ethan@place.com
Jacob,Wilson,39,Clearview Street,North Vancouver,New Brunswick,V8C 0S2,Canada,1261464505,Jacob@point.com
William,Anderson,224,Berkshire Close,Brossard,Nova Scotia,G0H 2P3,Canada,447351589,William@system.com
James,Thomas,256,Balmoral Road,Kawartha Lakes,Nova Scotia,L4A 0T0,Canada,143652733,James@time.com
"",Johnson,209,Ashburn Avenue,Fredericton,Nova Scotia,E5V 3X5,Canada,1031657161,null@way.com
"",Brown,401,Armview Avenue,Maple Ridge,Northwest Territories,G0H 2P3,Canada,640597585,null@part.com
Ethan,Miller,472,Andrew Street,Milton,New Brunswick,E5V 3X5,Canada,379478000,Ethan@program.com
James,Jackson,8,Armcrescent East Drive,Caledon,Prince Edward Island,L3V 1Y8,Canada,1108731250,James@woman.com
Liam,Brown,212,Birchview Drive,Medicine Hat,British Columbia,H0H 3C9,Canada,288526107,Liam@right.com
Mason,Davis,375,Chelsea Lane,Chilliwack,Newfoundland and Labrador,N8H 2H6,Canada,392201962,Mason@business.com
James,Wilson,79,Caitland Court,Longueuil,Quebec,K1B 3B2,Canada,411408190,James@man.com
William,Williams,25,Alm-e Ramp,Oakville,Prince Edward Island,N4N 0B9,Canada,1287825311,William@point.com
Mason,Anderson,300,Caxton Close,Lethbridge,Nova Scotia,N4N 0B9,Canada,1174591981,Mason@government.com
Liam,Thomas,38,Clovis Avenue,Langley,Nunavut,E4M 2G2,Canada,1337281024,Liam@work.com
"",Thomas,178,Bobolink Street,Brampton,Newfoundland and Labrador,"V1K 1V0 ",Canada,794893105,null@word.com
"",Taylor,241,Clovis Avenue,Chatham-Kent,,G3H 0B4,Canada,210493332,null@government.com
Alexander,,193,Blue Jay Street,Strathcona County,Alberta,,Canada,762819423,Alexander@business.com
William,Anderson,45,Broadholme Lane,North Vancouver,British Columbia,N4N 0B9,Canada,704018365,William@right.com
"",,297,Chestnut Street,Red Deer,Nova Scotia,T1L 2H8,Canada,1214719810,null@study.com
James,Johnson,82,Almon Street,Norfolk County,Newfoundland and Labrador,E4S 3C4,Canada,1241397678,James@hand.com
Alexander,Williams,258,Cascade Drive,Cape Breton,Prince Edward Island,V8C 0S2,Canada,1089949943,Alexander@world.com
Ethan,Moore,401,Bedford Row,Welland,Prince Edward Island,J0J 3V6,Canada,138684436,Ethan@time.com
Alexander,Williams,321,Albert Place,Cape Breton,Prince Edward Island,K1B 3B2,Canada,801846062,Alexander@fact.com
Liam,Johnson,106,Clinton Avenue,Red Deer,Prince Edward Island,K1B 3B2,Canada,309669028,Liam@day.com
"",Moore,485,Caitland Court,Kawartha Lakes,Quebec,J1S 0R4,Canada,972872328,null@problem.com
Jacob,Brown,399,Claymore Avenue,Saanich,Alberta,N4N 0B9,Canada,880817314,Jacob@Mr.com
"",Davis,87,Armshore Drive,Saanich,Nunavut,J0J 3V6,Canada,563828663,null@world.com
Liam,Taylor,183,Carlton Street,Guelph,New Brunswick,G3H 0B4,Canada,1201604623,Liam@question.com
Ethan,Brown,316,Abercrombie Lane,Surrey,Saskatchewan,H0H 3C9,Canada,727498894,Ethan@lot.com
William,Johnson,73,Bromley Road,Saint-JÃ©rÃ´me,Alberta,"L4A 0T3 ",Canada,1180033218,William@study.com
Mason,Williams,365,Beachstone Drive,Vancouver,Northwest Territories,N8A 0B3,Canada,421607558,Mason@government.com
James,Davis,170,Birchwood Drive,Saint-Jean-sur-Richelieu,Manitoba,G3H 0B4,Canada,842146233,James@day.com
Ethan,Wilson,293,Cabot Back Lane,Thunder Bay,Prince Edward Island,G3E 2K4,Canada,1162547160,Ethan@word.com
Ethan,Jackson,263,Andrew Street,St. Catharines,,L0N 3J2,Canada,993805705,Ethan@business.com
Alexander,Thomas,100,Borden Street,Fredericton,,G0H 2P3,Canada,1284462106,Alexander@night.com
James,Brown,294,Beechwood Terrace,Kingston,Newfoundland and Labrador,J1S 0R4,Canada,176398157,James@part.com
Alexander,Thomas,98,Alm-e Ramp,Guelph,Nunavut,L0N 3J2,Canada,1323008679,Alexander@family.com
James,Brown,171,Bliss Street,Cambridge,Manitoba,J0N 0Z3,Canada,396654529,James@room.com
Liam,Moore,453,Clifton Street,Prince George,Northwest Territories,E4M 2G2,Canada,372504473,Liam@water.com
Ethan,Thomas,176,Alumni Crescent,Airdrie,Nova Scotia,T1L 2H8,Canada,919758261,Ethan@lot.com
