First Name,Last Name,Street Number,Street,City,Province,Postal Code,Country,Phone Number,email Address
"",Miller,299,Ardwell Avenue,Halton Hills,Prince Edward Island,E4M 2G2,Canada,732859694,null@problem.com
James,Brown,360,Bower Road,Norfolk County,Alberta,B3V 2V1,Canada,811770206,James@case.com
Ethan,Anderson,302,Clovis Avenue,Caledon,Northwest Territories,H0H 3C9,Canada,1045753303,Ethan@day.com
Liam,Anderson,200,Atlantic Street,Greater Sudbury,Nunavut,L0N 3J2,Canada,1391201752,Liam@child.com
Jacob,Johnson,308,Brewer Court,Drummondville,New Brunswick,N4N 0B9,Canada,342964067,Jacob@fact.com
Jacob,Jackson,100,Chain Rock Drive,London,Northwest Territories,H3J 3P2,Canada,1203806412,Jacob@fact.com
"",,312,Bilby Street,Thunder Bay,Quebec,K1B 3B2,Canada,160151363,null@place.com
"",Miller,393,Brackley Place,Oakville,Newfoundland and Labrador,J0J 3V6,Canada,1026015887,null@night.com
Liam,Davis,131,Blue Jay Street,Burnaby,Prince Edward Island,V8B 1P6,Canada,1287579913,Liam@room.com
"",Moore,372,Amirault Court,Ottawa,Nova Scotia,,Canada,1161705819,null@school.com
Jacob,,34,Clayton Park Drive,Pickering,New Brunswick,H3J 3P2,Canada,412516926,Jacob@people.com
Ethan,Jones,220,Abercrombie Lane,Windsor,Manitoba,T1L 2H8,Canada,861658599,Ethan@time.com
Liam,Davis,14,Chipstone Close,Strathcona County,New Brunswick,"L4A 0T3 ",Canada,1369606591,Liam@country.com
"",Wilson,298,Arlington Avenue,Victoria,Northwest Territories,L9R 0A0,Canada,1294576658,null@word.com
Liam,Thomas,260,Alm-a Ramp,Waterloo,Nova Scotia,J0N 0Z3,Canada,237252213,Liam@point.com
William,Jones,243,Ascot Avenue,Brampton,Alberta,E4M 2G2,Canada,685296014,William@money.com
Liam,Jackson,17,Belmont Road,Oakville,Saskatchewan,J0N 0Z3,Canada,677048087,Liam@home.com
Liam,Wilson,270,Boscobel Road,Airdrie,Prince Edward Island,J9T 3H4,Canada,190662556,Liam@government.com
Jacob,Miller,489,Altavista Lane,Vaughan,,L9R 0A0,Canada,1060897521,Jacob@student.com
Liam,Moore,111,Carlina Court,Airdrie,Quebec,G3H 0B4,Canada,591607380,Liam@student.com
"",Thomas,38,Clayder Lane,Oakville,Prince Edward Island,"L4A 0T3 ",Canada,187551122,null@country.com
"",Thomas,250,Bliss Street,Guelph,Nunavut,N8H 2H6,Canada,767645203,null@room.com
Mason,Johnson,75,Clayton Park Drive,Brantford,,E5V 3X5,Canada,508121361,Mason@student.com
Jacob,Thomas,221,Birchdale Avenue,Winnipeg,Saskatchewan,L0N 3J2,Canada,271284365,Jacob@country.com
