First Name,Last Name,Street Number,Street,City,Province,Postal Code,Country,Phone Number,email Address
Ethan,Thomas,332,Brigadier Court,New Westminster,Northwest Territories,T1L 2H8,Canada,1206691618,Ethan@student.com
"",Johnson,337,Birches Drive,,Nunavut,H3J 3P2,Canada,1063890843,null@water.com
Ethan,Johnson,442,Benjamin Green Drive,Waterloo,Nunavut,B3V 2V1,Canada,1389629665,Ethan@government.com
Ethan,Miller,96,Bakers Drive,Port Coquitlam,Northwest Territories,T1L 2H8,Canada,571871165,Ethan@business.com
William,Thomas,250,Agricola Street,Surrey,Yukon,G0H 2P3,Canada,429021651,William@government.com
"",Brown,285,Binney Street,Saguenay,Newfoundland and Labrador,J1S 0R4,Canada,364215036,null@word.com
James,Johnson,151,Cabot Back Lane,Kawartha Lakes,Saskatchewan,"B0T 0Y5 ",Canada,708510279,James@country.com
William,Williams,211,Bilton Lane,Halton Hills,Prince Edward Island,E5V 3X5,Canada,869168875,William@book.com
William,Anderson,214,Bayview Road,Saanich,Nunavut,J9P 1C6,Canada,754961763,William@thing.com
James,Moore,113,Alm-d Ramp,North Vancouver,New Brunswick,H3J 3P2,Canada,1048699384,James@woman.com
Mason,,74,Bilby Street,Port Coquitlam,Yukon,J0J 3V6,Canada,1266203077,Mason@right.com
William,,462,Bliss Street,LÃ©vis,Manitoba,E7E 3T7,Canada,1228036004,William@life.com
William,Williams,220,Anchor Drive,Terrebonne,Northwest Territories,J9P 1C6,Canada,1176335118,William@lot.com
Liam,Jones,7,Borden Street,LÃ©vis,New Brunswick,B3V 2V1,Canada,821238193,Liam@hand.com
Alexander,Wilson,457,Carriageway Crescent,LÃ©vis,Prince Edward Island,H3J 3P2,Canada,855292940,Alexander@room.com
Jacob,Thomas,354,Canary Crescent,Terrebonne,Alberta,K1B 3B2,Canada,887270303,Jacob@mother.com
"",Anderson,428,Beechwood Terrace,Fredericton,Nunavut,H0H 3C9,Canada,106384098,null@case.com
"",Williams,396,Admirals Way,Kawartha Lakes,Nova Scotia,G3E 2K4,Canada,756213688,null@country.com
Alexander,Moore,271,Chelsea Lane,Belleville,Saskatchewan,L3V 1Y8,Canada,886775309,Alexander@study.com
James,Johnson,174,Aurora Avenue,Kawartha Lakes,New Brunswick,J9T 3H4,Canada,893328014,James@country.com
