First Name,Last Name,Street Number,Street,City,Province,Postal Code,Country,Phone Number,email Address
Alexander,Thomas,245,"Alm-../../view.php?place=Alm-# Ramp, Halifax, ns, CANADA Ramp",Richmond Hill,Prince Edward Island,H0H 3C9,Canada,1396300673,Alexander@job.com
Liam,Wilson,338,Brackley Place,Saanich,Newfoundland and Labrador,N8H 2H6,Canada,146926751,Liam@Mr.com
"",Brown,9,Birchfield Crescent,Waterloo,Nunavut,K1B 3B2,Canada,834120553,null@thing.com
James,Davis,294,Bromley Road,Terrebonne,Saskatchewan,B3V 2V1,Canada,1159093726,James@point.com
Mason,Thomas,296,Churchill Drive,Milton,Prince Edward Island,N8H 2H6,Canada,644201350,Mason@question.com
James,Taylor,32,Apollo Court,Oshawa,Nova Scotia,L0N 3J2,Canada,715506782,James@world.com
Mason,Moore,390,Catamaran Road,Moncton,Nunavut,G3H 0B4,Canada,264660812,Mason@thing.com
Mason,Williams,285,Chain Lake Drive,Saanich,Northwest Territories,T1L 2H8,Canada,266171731,Mason@case.com
Liam,Wilson,57,Cedarbank Terrace,Niagara Falls,Alberta,G6X 2L1,Canada,1185764025,Liam@eye.com
"",Wilson,29,Black Street,Hamilton,New Brunswick,"L4A 0T3 ",Canada,349576335,null@case.com
"",Williams,150,Ahern Avenue,Guelph,Quebec,N8A 0B3,Canada,227956543,null@point.com
Mason,Brown,448,Blowers Street,Markham,Northwest Territories,G0H 2P3,Canada,710672078,Mason@group.com
Liam,Williams,200,Brewer Court,Vaughan,Prince Edward Island,L0N 3J2,Canada,1097802496,Liam@place.com
Alexander,Anderson,390,Carroll Lane,Drummondville,Alberta,V8B 1P6,Canada,1324320963,Alexander@family.com
James,Brown,276,Abercrombie Lane,Terrebonne,Alberta,L4A 0T0,Canada,1002228664,James@student.com
Ethan,Williams,37,Blowers Street,Strathcona County,Yukon,H0H 3C9,Canada,738250059,Ethan@place.com
William,Jones,110,Amberwood Court,New Westminster,British Columbia,N5C 2J8,Canada,604198261,William@company.com
Mason,Williams,150,Clinton Avenue,Mirabel,New Brunswick,G3E 2K4,Canada,641658323,Mason@question.com
Alexander,Taylor,369,Church Street,Nanaimo,British Columbia,G0H 2P3,Canada,160621300,Alexander@home.com
Liam,Moore,461,Bayne St Ramp,Longueuil,Alberta,L9R 0A0,Canada,691200393,Liam@system.com
"",Anderson,464,Cardiff Place,Saint-Hyacinthe,Prince Edward Island,J0N 0Z3,Canada,897977640,null@government.com
Jacob,Williams,302,Cascade Drive,Trois-RiviÃ¨res,Prince Edward Island,V8C 0S2,Canada,1293591657,Jacob@part.com
Ethan,Johnson,12,Bosun Run,Pickering,Alberta,J1S 0R4,Canada,727275312,Ethan@null
"",Brown,21,Bridges Street,Trois-RiviÃ¨res,Saskatchewan,N4N 0B9,Canada,691204966,null@student.com
Jacob,Moore,113,Attenborough Court,Belleville,Manitoba,H9S 1R4,Canada,660802466,Jacob@eye.com
William,Davis,218,Abbott Drive,Port Coquitlam,Newfoundland and Labrador,N8A 0B3,Canada,1260099081,William@null
Jacob,Davis,112,Agricola Street,Moncton,Saskatchewan,J0J 3V6,Canada,441436978,Jacob@life.com
Mason,Anderson,69,Clearview Street,Saguenay,Northwest Territories,L3V 1Y8,Canada,919509720,Mason@word.com
Liam,Jones,136,Artz Street,Moncton,Newfoundland and Labrador,J9T 3H4,Canada,551831281,Liam@life.com
Jacob,Jackson,396,Borden Street,Gatineau,Alberta,G3E 2K4,Canada,546932003,Jacob@eye.com
