First Name,Last Name,Street Number,Street,City,Province,Postal Code,Country,Phone Number,email Address
"",Wilson,325,Armshore Drive,North Bay,Alberta,L0N 3J2,Canada,1233000977,null@time.com
Mason,Taylor,309,Cedarbank Terrace,Ajax,Northwest Territories,E4S 3C4,Canada,609335046,Mason@problem.com
Liam,Moore,239,Carnation Crescent,Prince George,Nunavut,H0H 3C9,Canada,554333040,Liam@room.com
James,Moore,475,Cedarbrae Lane,Delta,Newfoundland and Labrador,V8C 0S2,Canada,185816560,James@month.com
"",Williams,278,Alm-a Ramp,Richmond,Nova Scotia,G3H 0B4,Canada,1067679000,null@world.com
James,Thomas,195,Clayton Park Drive,Ottawa,,K1B 3B2,Canada,292984378,James@government.com
"",Jones,5,Annandale Street,Kingston,Quebec,"V1K 1V0 ",Canada,1360746672,null@child.com
Alexander,,300,Alm-c Ramp,Peterborough,Yukon,J9P 1C6,Canada,1040036751,Alexander@month.com
Liam,Williams,440,Brussels Street,Barrie,Prince Edward Island,"B0T 0Y5 ",Canada,679659490,Liam@day.com
Ethan,Jackson,101,Beech Street,Burlington,Newfoundland and Labrador,N4N 0B9,Canada,257004115,Ethan@man.com
Liam,Jackson,440,Armoury Place,Barrie,Saskatchewan,G0H 2P3,Canada,1378495580,Liam@group.com
"",Anderson,28,Arthur Street,Cambridge,Prince Edward Island,L0N 3J2,Canada,1144491661,null@book.com
William,Williams,480,Avon Crescent,Windsor,Northwest Territories,H0H 3C9,Canada,520549614,William@people.com
William,Moore,362,Carlton Street,Medicine Hat,Nova Scotia,V8C 0S2,Canada,1338447403,William@way.com
Ethan,Brown,313,Carriageway Crescent,Mirabel,Newfoundland and Labrador,N4N 0B9,Canada,286118216,Ethan@family.com
Liam,Thomas,134,Avon Crescent,Maple Ridge,Nunavut,N8A 0B3,Canada,699050032,Liam@time.com
William,Miller,69,Barkton Lane,Saint John,Northwest Territories,E4M 2G2,Canada,1177072125,William@thing.com
