First Name,Last Name,Street Number,Street,City,Province,Postal Code,Country,Phone Number,email Address
Alexander,Taylor,284,Adelaide Avenue,North Vancouver,Northwest Territories,N5C 2J8,Canada,1025879366,Alexander@woman.com
Jacob,Williams,441,Bayview Road,Kamloops,Nunavut,K1B 3B2,Canada,1105460672,Jacob@work.com
James,Brown,326,Cherry Lane,Terrebonne,Quebec,T1L 2H8,Canada,1140602162,James@lot.com
Mason,Moore,186,Brodick Lane,Cape Breton,Alberta,V8C 0S2,Canada,1018491455,Mason@month.com
Ethan,Williams,190,Alm-e Ramp,Lethbridge,Nova Scotia,V8C 0S2,Canada,360121848,Ethan@week.com
James,Wilson,87,Arnold Drive,Calgary,Saskatchewan,N8H 2H6,Canada,1368884428,James@night.com
Jacob,Jackson,397,Ashton Lane,Grande Prairie,Northwest Territories,N4N 0B9,Canada,820136974,Jacob@group.com
William,Brown,376,Balcomes Drive,Prince George,Northwest Territories,E4S 3C4,Canada,926751646,William@story.com
William,Miller,276,Bedford Row,Kelowna,British Columbia,L9R 0A0,Canada,190203008,William@company.com
Ethan,Anderson,154,Albert Walker Drive,Granby,Quebec,H9S 1R4,Canada,734713993,Ethan@woman.com
"",Jackson,407,Cairnwell Close,Kawartha Lakes,Newfoundland and Labrador,H9S 1R4,Canada,1241632294,null@man.com
