First Name,Last Name,Street Number,Street,City,Province,Postal Code,Country,Phone Number,email Address
William,Moore,57,Brigadier Court,Ottawa,British Columbia,E4M 2G2,Canada,921153931,William@state.com
Jacob,Miller,201,Aurora Avenue,Brantford,Nunavut,G0H 2P3,Canada,326788692,Jacob@case.com
Liam,Johnson,5,Allan Street,Waterloo,Northwest Territories,B2E 0X4,Canada,1094602761,Liam@story.com
William,,176,Clinton Avenue,Kingston,New Brunswick,J0N 0Z3,Canada,592566593,William@case.com
"",Miller,433,Alton Drive,Quebec City,Prince Edward Island,G0H 2P3,Canada,102052861,null@group.com
Ethan,Brown,295,Charlotte Lane,Chilliwack,Prince Edward Island,G3E 2K4,Canada,713269489,Ethan@child.com
"",Anderson,346,Berlin Street,Richmond,Alberta,K1B 3B2,Canada,581297114,null@case.com
"",Moore,251,Claremont Street,Waterloo,New Brunswick,J9T 3H4,Canada,855268384,null@mother.com
Ethan,Anderson,344,Arnold Drive,Cape Breton,Nova Scotia,G3E 2K4,Canada,713258055,Ethan@question.com
Liam,Thomas,151,Beaufort Avenue,Oshawa,Prince Edward Island,T1L 2H8,Canada,1289154336,Liam@state.com
"",Thomas,136,Chelmsford Place,Montreal,Nunavut,H0H 3C9,Canada,942191649,null@case.com
James,Johnson,22,Alm-a Ramp,Saint-Jean-sur-Richelieu,British Columbia,J0N 0Z3,Canada,172964383,James@point.com
Ethan,Moore,134,Chelton Woods Lane,Caledon,Newfoundland and Labrador,J1S 0R4,Canada,1315018736,Ethan@room.com
"",Miller,205,Amberwood Court,Abbotsford,Nova Scotia,E4M 2G2,Canada,647656532,null@company.com
Mason,Moore,406,Argyle Street,Richmond,Northwest Territories,N4N 0B9,Canada,884352824,Mason@program.com
James,Johnson,89,Circle Drive,Mississauga,Quebec,G3H 0B4,Canada,996887575,James@month.com
William,Davis,319,Chain Lake Drive,Vancouver,Northwest Territories,J0N 0Z3,Canada,1223174646,William@water.com
William,Williams,477,Clifton Street,Langley,New Brunswick,E7E 3T7,Canada,381920145,William@place.com
William,Davis,322,Cabot Back Lane,Strathcona County,Saskatchewan,J9T 3H4,Canada,1238678615,William@week.com
"",Anderson,453,Ashburn Avenue,Winnipeg,Alberta,E5V 3X5,Canada,769875292,null@fact.com
Ethan,Taylor,57,Cardiff Place,Waterloo,New Brunswick,G3E 2K4,Canada,1000587280,Ethan@hand.com
Alexander,Johnson,433,Acorn Road,Fredericton,Saskatchewan,T1L 2H8,Canada,502434139,Alexander@day.com
