First Name,Last Name,Street Number,Street,City,Province,Postal Code,Country,Phone Number,email Address
Jacob,Anderson,279,Cabot Place,Longueuil,Alberta,N8H 2H6,Canada,1074824359,Jacob@hand.com
Ethan,Williams,7,Claymore Avenue,Milton,Quebec,G3H 0B4,Canada,1224820461,Ethan@business.com
Mason,Thomas,134,Caitland Court,Moncton,Prince Edward Island,K1B 3B2,Canada,864638436,Mason@student.com
"",Thomas,450,Carroll Lane,Victoria,Yukon,,Canada,1314151391,null@question.com
"",Moore,449,Albert Street,Brossard,Nunavut,G6X 2L1,Canada,517419760,null@student.com
William,Brown,181,Bedford Row,Fredericton,Manitoba,N4N 0B9,Canada,228105324,William@work.com
James,Taylor,240,Cascade Drive,Medicine Hat,Northwest Territories,V8C 0S2,Canada,244118723,James@year.com
"",Brown,223,Benalder Lane,Prince George,Nunavut,G6X 2L1,Canada,1319088328,null@student.com
James,Johnson,380,Clayton Park Drive,Welland,British Columbia,N5C 2J8,Canada,494507900,James@job.com
Jacob,Wilson,205,Almon Street,Kitchener,Newfoundland and Labrador,"L4A 0T3 ",Canada,477442451,Jacob@work.com
Jacob,Davis,196,Ahern Avenue,Burnaby,Nova Scotia,N8H 2H6,Canada,547284055,Jacob@day.com
James,Wilson,187,Bauer Street,Waterloo,Nova Scotia,J9T 3H4,Canada,805822255,James@book.com
Jacob,Wilson,182,Briar Lane,Kawartha Lakes,Yukon,H0H 3C9,Canada,505398300,Jacob@world.com
James,Anderson,107,Alm-a Ramp,Victoria,Prince Edward Island,N5C 2J8,Canada,908392861,James@work.com
