First Name,Last Name,Street Number,Street,City,Province,Postal Code,Country,Phone Number,email Address
"",Johnson,228,Alumni Crescent,Granby,Prince Edward Island,,Canada,368264085,null@point.com
James,Jackson,356,Cabot Street,Sherbrooke,Saskatchewan,E4S 3C4,Canada,453706611,James@null
Liam,Davis,74,Burgee Run,Saanich,Alberta,"B0T 0Y5 ",Canada,1355790981,Liam@null
Liam,Thomas,58,Barracks Drive,Burlington,Nova Scotia,"L4A 0T3 ",Canada,620181454,Liam@book.com
Ethan,Wilson,145,Bald Eagle Place,North Vancouver,Prince Edward Island,L3V 1Y8,Canada,1085710304,Ethan@money.com
Jacob,Taylor,417,Arvida Avenue,Mississauga,Newfoundland and Labrador,E4M 2G2,Canada,1219541444,Jacob@time.com
"",Anderson,59,Bridgeview Drive,Cape Breton,Manitoba,V8C 0S2,Canada,132165917,null@eye.com
William,,369,Castine Way,Clarington,Newfoundland and Labrador,L0N 3J2,Canada,615867572,William@problem.com
William,Thomas,86,Cedar Street,Airdrie,Nunavut,V8B 1P6,Canada,1256708744,William@number.com
William,Jones,168,Bobolink Street,Guelph,Northwest Territories,G6X 2L1,Canada,818297639,William@business.com
"",Jones,338,Campbell Drive,Saanich,Northwest Territories,,Canada,335584743,null@hand.com
James,Brown,394,Borden Street,Delta,Quebec,L4A 0T0,Canada,212497855,James@water.com
Mason,Thomas,471,Belmont On The Arm,Brampton,Nova Scotia,B3V 2V1,Canada,304797604,Mason@null
James,Williams,127,Blue Willow Court,Moncton,Northwest Territories,G3H 0B4,Canada,705433173,James@study.com
"",Taylor,30,Alma Crescent,Norfolk County,Prince Edward Island,"V1K 1V0 ",Canada,557395014,null@number.com
