First Name,Last Name,Street Number,Street,City,Province,Postal Code,Country,Phone Number,email Address
Alexander,Jones,321,Bliss Street,Saint-Jean-sur-Richelieu,Alberta,G6X 2L1,Canada,211293558,Alexander@hand.com
Mason,Jones,197,Birkdale Crescent,Burlington,Northwest Territories,E5V 3X5,Canada,1269944485,Mason@year.com
Liam,Williams,117,Clifton Street,New Westminster,Prince Edward Island,L3V 1Y8,Canada,244952368,Liam@place.com
Jacob,Anderson,225,Armoury Place,Mirabel,New Brunswick,"V1K 1V0 ",Canada,391592227,Jacob@part.com
William,Jones,12,Chester Avenue,Red Deer,Yukon,L4A 0T0,Canada,1116109919,William@month.com
"",Thomas,358,Armcrescent East Drive,Ajax,New Brunswick,J9P 1C6,Canada,589103903,null@fact.com
James,Davis,173,Brenton Place,St. Catharines,Nova Scotia,L0N 3J2,Canada,1261616381,James@book.com
Mason,Thomas,251,Cloverdale Road,Thunder Bay,Northwest Territories,E4S 3C4,Canada,106469588,Mason@man.com
William,Taylor,64,Annandale Street,Markham,Nunavut,"L4A 0T3 ",Canada,1086645034,William@thing.com
James,Jackson,439,Angus L Macdonald Bridge,Trois-RiviÃ¨res,Manitoba,N8H 2H6,Canada,893987588,James@work.com
Mason,Davis,497,Cedarbrae Lane,Newmarket,Northwest Territories,T1L 2H8,Canada,1174136692,Mason@country.com
Ethan,Jackson,384,Acorn Road,Belleville,Nova Scotia,V8C 0S2,Canada,1404007933,Ethan@case.com
Alexander,Moore,117,Armcrescent West Avenue,Brampton,Alberta,G6X 2L1,Canada,560114705,Alexander@way.com
Alexander,Miller,324,Allan Street,Richmond,New Brunswick,J0N 0Z3,Canada,673111473,Alexander@part.com
Alexander,Taylor,191,Cabot Street,Saint-Hyacinthe,Prince Edward Island,"V1K 1V0 ",Canada,331917618,Alexander@eye.com
Alexander,Thomas,482,Ashton Lane,Trois-RiviÃ¨res,Yukon,E7E 3T7,Canada,329801254,Alexander@day.com
"",Thomas,191,Chartwell Lane,Kawartha Lakes,Nunavut,H9S 1R4,Canada,334290029,null@world.com
William,Brown,171,Bright Place,Chilliwack,Prince Edward Island,N4N 0B9,Canada,340110711,William@case.com
Ethan,Miller,393,Blink Bonnie Terrace,Sault Ste. Marie,Newfoundland and Labrador,,Canada,116249725,Ethan@hand.com
Jacob,Thomas,246,Ashton Lane,Winnipeg,Alberta,V8B 1P6,Canada,997756322,Jacob@right.com
James,Wilson,218,Buddy Daye Street,Barrie,Prince Edward Island,G0H 2P3,Canada,1122269406,James@lot.com
Mason,Thomas,336,Adelaide Avenue,Surrey,Nunavut,L9R 0A0,Canada,906555459,Mason@family.com
