First Name,Last Name,Street Number,Street,City,Province,Postal Code,Country,Phone Number,email Address
Mason,Jones,475,Albert Street,Quebec City,Newfoundland and Labrador,T1L 2H8,Canada,539251397,Mason@people.com
William,Johnson,446,Armoury Place,Milton,Quebec,L4A 0T0,Canada,991886790,William@state.com
William,,218,Barkton Lane,Kitchener,Nunavut,V8B 1P6,Canada,105379698,William@business.com
Jacob,Davis,437,Chessvale Close,London,Prince Edward Island,"L4A 0T3 ",Canada,103183246,Jacob@time.com
Jacob,Wilson,157,Artz Street,North Vancouver,Northwest Territories,G0H 2P3,Canada,1262558818,Jacob@point.com
Jacob,Williams,358,Chipstone Close,,New Brunswick,N8A 0B3,Canada,576664456,Jacob@lot.com
Alexander,Wilson,387,Alex Street,Welland,Yukon,B2E 0X4,Canada,720680583,Alexander@eye.com
Ethan,Jones,499,Bronson Avenue,Greater Sudbury,Newfoundland and Labrador,"L4A 0T3 ",Canada,961412908,Ethan@question.com
James,Taylor,356,Chelsea Lane,Airdrie,Nunavut,J0J 3V6,Canada,1168014983,James@system.com
Mason,Wilson,437,Bayne St Ramp,Richmond Hill,Yukon,G0H 2P3,Canada,437767605,Mason@case.com
