First Name,Last Name,Street Number,Street,City,Province,Postal Code,Country,Phone Number,email Address
"",Jackson,420,Bobolink Street,Coquitlam,Saskatchewan,E4S 3C4,Canada,1040574132,null@business.com
"",Jackson,223,Bedros Lane,Clarington,Saskatchewan,"B0T 0Y5 ",Canada,976606665,null@country.com
James,Jones,408,Borden Street,Burnaby,Alberta,N8A 0B3,Canada,829671135,James@money.com
Mason,Wilson,499,Cloverdale Road,Regina,Northwest Territories,V8B 1P6,Canada,647989464,Mason@room.com
Jacob,Jones,453,Chisholm Avenue,Saint John,Alberta,J0J 3V6,Canada,718497226,Jacob@state.com
Jacob,Davis,141,Briarwood Crescent,Newmarket,Alberta,"B0T 0Y5 ",Canada,1095511878,Jacob@study.com
James,Anderson,446,Armada Drive,Blainville,Northwest Territories,"L4A 0T3 ",Canada,317027659,James@student.com
Ethan,Wilson,154,Beaufort Avenue,Sherbrooke,Newfoundland and Labrador,E5V 3X5,Canada,327284301,Ethan@job.com
Liam,Williams,347,Annandale Street,Saint-Hyacinthe,Nova Scotia,E7E 3T7,Canada,1152708793,Liam@program.com
William,Johnson,497,Carlina Court,St. Catharines,Manitoba,H0H 3C9,Canada,1050559445,William@home.com
James,Thomas,56,Arthur Street,Vancouver,Nunavut,J0N 0Z3,Canada,802291258,James@part.com
James,Williams,345,Carnation Crescent,Sherbrooke,Nunavut,B2E 0X4,Canada,487316375,James@year.com
James,,9,Blink Bonnie Terrace,Saint-Jean-sur-Richelieu,Nova Scotia,E7E 3T7,Canada,695714305,James@work.com
James,Thomas,380,Amberwood Court,North Bay,Nunavut,H0H 3C9,Canada,194083448,James@story.com
Liam,Wilson,126,Beech Street,Kitchener,Prince Edward Island,L4A 0T0,Canada,1220418993,Liam@world.com
Alexander,Jones,107,Carroll Lane,Strathcona County,Manitoba,L4A 0T0,Canada,360090345,Alexander@life.com
"",Williams,35,Birchview Drive,Langley,Nova Scotia,G3H 0B4,Canada,207237637,null@study.com
"",,327,Broadholme Lane,Airdrie,Quebec,B3V 2V1,Canada,1380967236,null@right.com
Jacob,Thomas,21,Brodick Lane,Moncton,Nova Scotia,"L4A 0T3 ",Canada,744521836,Jacob@problem.com
Alexander,Miller,271,Burns Drive,Kawartha Lakes,Northwest Territories,E4S 3C4,Canada,896048358,Alexander@country.com
Mason,Brown,218,Alm-a Ramp,Abbotsford,Newfoundland and Labrador,H9S 1R4,Canada,1103920616,Mason@business.com
"",Williams,458,Acorn Road,Waterloo,Prince Edward Island,H3J 3P2,Canada,781567755,null@null
Ethan,Williams,291,Berlin Street,Guelph,Newfoundland and Labrador,V8B 1P6,Canada,1058700815,Ethan@question.com
William,Thomas,136,Birch Cove Lane,Saint-JÃ©rÃ´me,Northwest Territories,B3V 2V1,Canada,890064213,William@work.com
Mason,Wilson,11,Bridges Street,Saint-Jean-sur-Richelieu,Alberta,N4N 0B9,Canada,711262761,Mason@system.com
Jacob,,91,Albert Street,LÃ©vis,Newfoundland and Labrador,H3J 3P2,Canada,272817068,Jacob@student.com
Ethan,Johnson,447,Ardwell Avenue,Vaughan,Nova Scotia,G0H 2P3,Canada,1066075706,Ethan@way.com
"",Davis,408,Blue Willow Court,North Bay,Nunavut,B3V 2V1,Canada,446182643,null@lot.com
"",Brown,469,Beachstone Drive,Richmond Hill,Alberta,N5C 2J8,Canada,760866152,null@work.com
"",Jones,337,Chipstone Close,Greater Sudbury,Nunavut,L3V 1Y8,Canada,1255703922,null@student.com
Alexander,Thomas,78,Balwearie Lane,Saint John,Newfoundland and Labrador,L9R 0A0,Canada,402776708,Alexander@problem.com
James,Thomas,495,Brussels Street,Saint John,Nunavut,J1S 0R4,Canada,298620651,James@student.com
